camera_matrix:
- - 1667.2683204233474
  - 0.0
  - 611.3615864504168
- - 0.0
  - 1679.8198840074874
  - 390.5034839242392
- - 0.0
  - 0.0
  - 1.0
dist_coeff:
- - -0.30976382981697886
  - -9.213362556084794
  - -0.028887854552847033
  - 0.020485535180927092
  - 94.32767362136379
